"ID","Adoption","Died","Euthanasia","Return_to_owner","Transfer"
1,0.126510886307145,0.00337780770163401,0.0179099682090586,0.149934862699338,0.702266475082824
2,0.669319726810068,0.000312465362892507,0.00983398742093952,0.298760993530376,0.0217728268757242
3,0.445199987195826,0.00137658694192601,0.0251307473189885,0.153731189166651,0.374561489376609
4,0.268345433008623,0.00258534377274979,0.0583476847469398,0.248910774390332,0.421810764081355
5,0.401669439359765,0.000348612862690813,0.0235471866049011,0.413298054725506,0.161136706447137
6,0.639402928491931,0.00142696542930028,0.0104882806892098,0.260201437033122,0.0884803883564366
7,0.137947623387669,0.00342840711325856,0.725111294534376,0.0597199235975479,0.0737927513671483
8,0.834305030187918,0.00192430273910499,0.0383245195362125,0.0229406861997005,0.102505461337064
9,0.69632874485617,0.000577323823525525,0.00606333736835266,0.235755774914804,0.0612748190371485
10,0.903653770566629,0.000312095213673418,0.00516213534860291,0.0691861932228539,0.0216858056482411
11,0.819524720346912,0.000319833766717784,0.00755075875504703,0.101783626472321,0.070821060659002
12,0.282696204707617,0.00546952451030919,0.0648223197284541,0.152515147163139,0.49449680389048
13,0.707871987486462,0.000787921417285289,0.011367524912522,0.148237128030255,0.131735438153476
14,0.648316192030732,0.000823460431188792,0.0267916419271711,0.0679915382211457,0.256077167389763
15,0.901287349743362,0.00034109292162368,0.00548407298496621,0.0767552022380245,0.0161322821120233
16,0.779095804320044,0.000198228835667373,0.00811197839920656,0.094127256454825,0.118466731990257
17,0.25381543297788,0.000528901417101287,0.0387130084675876,0.684071309818266,0.0228713473191652
18,0.267249597211677,0.000237026127296004,0.0071056425715794,0.679988347829549,0.0454193862598979
19,0.27518521381367,0.000690305845210449,0.0768815620305007,0.144115937963862,0.503126980346757
20,0.0156933117102095,0.00180747613808144,0.731126790516757,0.0214963358098585,0.229876085825094
21,0.573967022516222,0.00162364631756799,0.0454561112232932,0.204970149672519,0.173983070270398
22,0.00615626873603754,0.0232958301941329,0.0668358267834649,0.0102048696880655,0.893507204598299
23,0.66914218947159,0.000512738377095474,0.0058496725780602,0.241111022175837,0.0833843773974175
24,0.0123859997174827,0.00510455899999195,0.0150626640188091,0.0103256774859932,0.957121099777723
25,0.793684075242229,0.000113841309143209,0.0124933304759371,0.142509878974859,0.0511988739978326
26,0.270775619606893,0.00286331109265188,0.0513894888501013,0.037400946606669,0.637570633843685
27,0.958192174018201,0.000326320707653828,0.00241539745593319,0.00352523275247408,0.0355408750657379
28,0.0177972136841038,0.0781070085392065,0.429247420957505,0.0268571990213511,0.447991157797833
29,0.706477340487976,0.000300250913674525,0.0131346590746899,0.235838913259339,0.0442488362643201
30,0.370111971093935,0.000562418297081881,0.0194172596357215,0.542925126177231,0.0669832247960305
31,0.656862167625731,0.00156144967874779,0.0307351745365799,0.0398297513385591,0.271011456820383
32,0.912258259992168,0.000620028006753992,0.00222304612179395,0.0340100229210467,0.0508886429582378
33,0.109694949637534,0.00181821097546653,0.0866615632342278,0.0258216809276173,0.776003595225154
34,0.990932820198336,0.000251988048700353,0.00106047533943226,0.00258868088014791,0.0051660355333837
35,0.252725163154808,0.00406034458127308,0.0178330615044736,0.0411544750372293,0.684226955722216
36,0.652654199500377,0.0006429565047799,0.00877561148487326,0.126849270514957,0.211077961995013
37,0.065835004265112,0.00371532506859533,0.299074201230328,0.0144680466501849,0.61690742278578
38,0.959138887960896,0.000556788724211373,0.00143396802471912,0.0230382276873523,0.0158321276028212
39,0.443272796397594,0.000112552482597698,0.00901585889044504,0.439290805461292,0.108307986768071
40,0.181729873251907,0.000360846797401108,0.127864581050598,0.0515761641453465,0.638468534754747
41,0.0656732256948283,0.00150176616692016,0.0509460199648426,0.254675931689388,0.627203056484021
42,0.00922811218263372,0.0108744381829544,0.0270235620125137,0.00569098740458645,0.947182900217312
43,0.829341674525149,0.00149880741406603,0.005834156419299,0.0347403047752018,0.128585056866284
44,0.00625177285417355,0.0483446090444309,0.0320021528637237,0.00616402588733266,0.907237439350339
45,0.0651229890345273,0.000525983662049543,0.107474258336115,0.0121846001856124,0.814692168781695
46,0.117931532065125,0.000939695796679141,0.0665136170144646,0.059740856837216,0.754874298286515
47,0.363056920106552,0.00195210249792212,0.056126283823468,0.108188223668933,0.470676469903126
48,0.730438336920366,0.000426530300292543,0.0124248543476831,0.175540031289057,0.0811702471426013
49,0.333054552737014,0.000557303531889395,0.036090399570648,0.326288672613365,0.304009071547083
50,0.0306187515009252,0.00265387793711357,0.0168372041552254,0.111783664638035,0.838106501768701
51,0.18777107718235,0.00689072706871775,0.0210623065220936,0.0153929934505739,0.768882895776265
52,0.334411877675715,0.00164176407424057,0.0338107314025411,0.510358123603329,0.119777503244174
53,0.956008750346962,0.000738486401404508,0.00337296447078265,0.0107354293997267,0.0291443693811243
54,0.323866010844429,0.0173546540202964,0.0260777735774195,0.023520579988884,0.609180981568971
55,0.0350368417769882,0.0015737001787558,0.115440913916106,0.0958536102572155,0.752094933870935
56,0.810454382303058,0.000875452072331651,0.0174088087989709,0.0712426666963843,0.100018690129255
57,0.401301520173703,0.000427669800497198,0.00400368618504306,0.581536997338126,0.0127301265026307
58,0.00876961591246575,0.0458976750998326,0.0186687839886675,0.0111208602752111,0.915543064723823
59,0.00590058275576434,0.0038395945328107,0.0447789258244879,0.00871302727129257,0.936767869615645
60,0.712270062928363,0.0010093345399037,0.0118956987552771,0.0404387597603419,0.234386144016115
61,0.735894520872415,0.000329062195167586,0.0158900713355805,0.020321528000055,0.227564817596782
62,0.381471753797065,0.000183188109728112,0.0109009100660995,0.494553654497702,0.112890493529406
63,0.291220747999204,0.00138992990491256,0.0753727479872454,0.104104192138809,0.527912381969828
64,0.00858158519139803,0.0915002593804479,0.0419071557410531,0.00985482333691281,0.848156176350188
65,0.0123884284341622,0.0097090236533532,0.073386841860481,0.00500620874757998,0.899509497304424
66,0.816067737460818,0.000542480542712993,0.00846551203383332,0.145022236628284,0.0299020333343522
67,0.952223377436116,0.000470631823253346,0.00415595556463714,0.0226231581965441,0.0205268769794495
68,0.0163827497969762,0.0134119244415938,0.357603609859953,0.538685244423877,0.0739164714775998
69,0.666851830784095,0.000701163295939743,0.00979762822541809,0.283658387098499,0.0389909905960486
70,0.00457626565164055,0.0012302640287237,0.0272381146374764,0.00547562804457568,0.961479727637584
71,0.0354154760611651,0.00180393785479134,0.043616061180567,0.0980553863431946,0.821109138560282
72,0.975332171963818,0.000190260132996729,0.000933584809213468,0.0140272812437814,0.00951670185019002
73,0.00676452472414913,0.0327850943426804,0.183136237411571,0.00739717976862331,0.769916963752976
74,0.362156418657295,0.000560632284315614,0.0611301467185405,0.353107370559096,0.223045431780753
75,0.00975408587190664,0.00496964780889153,0.0108780981116584,0.00242343529845175,0.971974732909092
76,0.239322745805998,0.0420676008433555,0.0456922326876289,0.0544045031317667,0.618512917531251
77,0.881306335077087,0.000236657479721782,0.00393327845201661,0.0100722683136354,0.104451460677539
78,0.0858240745156389,0.00295083305322778,0.275914940545183,0.0226019404431549,0.612708211442796
79,0.297516914422034,0.000368596110287481,0.0657395282276328,0.199616045374393,0.436758915865653
80,0.978865616224116,0.000619854141196885,0.00172504615874644,0.00582573802143762,0.0129637454545032
81,0.00903272158055622,0.0222912715519976,0.0269725219285781,0.00750629581213255,0.934197189126736
82,0.0187902123631068,0.0225336497474805,0.012034253463905,0.00425226283357816,0.94238962159193
83,0.908107385342544,0.000295256126745359,0.00295914295558869,0.0651888608283022,0.0234493547468197
84,0.0178087756385658,0.0196073911006542,0.0199896692648196,0.0172143062520348,0.925379857743926
85,0.231136659690053,0.000228157592598747,0.0326927275513584,0.680636864124577,0.0553055910414129
86,0.0613842524746574,0.0115053208218973,0.0613479481372121,0.00843400764402463,0.857328470922209
87,0.238634846429725,0.00336933313226406,0.175106859540288,0.353214954399843,0.229674006497881
88,0.39244970177423,0.00125382808431715,0.0418743918307545,0.171110709504447,0.393311368806251
89,0.0159393132380353,0.013374225915206,0.204910474524985,0.0159645726389938,0.74981141368278
90,0.880708481511884,0.000140163721370188,0.00365071639766167,0.00386516866332145,0.111635469705762
91,0.0270692351154688,0.0264085006111338,0.224329463660262,0.0078289099542401,0.714363890658895
92,0.00409920909068086,0.0093166290590886,0.487507149707039,0.00561006794429778,0.493466944198894
93,0.781603589054019,0.000471444652308949,0.00440031720300737,0.0109731331778367,0.202551515912828
94,0.521088775264048,0.000531798161294769,0.03107113878404,0.317869979464289,0.129438308326328
95,0.11419033672639,0.00146915757334012,0.12800146121208,0.00925686535881919,0.747082179129371
96,0.658242655968073,0.000411540438554199,0.014635652339386,0.269024844732119,0.0576853065218681
97,0.431430675533215,0.000177311567082148,0.0248637965850191,0.243129342001071,0.300398874313613
98,0.014962378782524,0.0180501151951691,0.022600547312479,0.00847844310936122,0.935908515600467
99,0.154886098073962,0.000926141581881966,0.0150854233292201,0.00833960627162739,0.820762730743308
100,0.681793694252172,0.0000624083630042724,0.0191596308096431,0.247072981424966,0.0519112851502156
101,0.808679668459724,0.000559931190175434,0.00724876104208755,0.0144240947310488,0.169087544576965
102,0.894137049855498,0.000790715711122615,0.00780278153906061,0.0570097485752968,0.0402597043190221
103,0.339820813046126,0.000178786995213426,0.00818710961817194,0.534491245988124,0.117322044352365
104,0.584984973394779,0.00116619204368589,0.0121814715084037,0.119478543626619,0.282188819426512
105,0.306072066581619,0.000609715673476474,0.0260116408096366,0.12758838727916,0.539718189656107
106,0.62522952268294,0.000462924614061977,0.0132075093401265,0.19771552244263,0.163384520920241
107,0.453241429424374,0.000358374745056228,0.0212811585353235,0.388039096732299,0.137079940562947
108,0.0844809043349515,0.00296759407444356,0.0866255597771363,0.501588401498563,0.324337540314905
109,0.95686215662408,0.000664110459729991,0.00147724819334399,0.0141165866686856,0.0268798980541605
110,0.249623050241997,0.000372537492059215,0.044380146743083,0.178068996659952,0.527555268862909
111,0.518433273928245,0.00069927765748294,0.0299585799847821,0.372151878490372,0.0787569899391179
112,0.843198237348852,0.000751199233848797,0.0137720436139048,0.0708724420457475,0.0714060777576471
113,0.15684107056153,0.000102130415367031,0.00927740194065827,0.79382331281949,0.0399560842629548
114,0.183676106224869,0.000398788972489734,0.0477166022354434,0.346063668862767,0.422144833704431
115,0.0152782171589054,0.00213658267436566,0.0596185408651516,0.0031635976675588,0.919803061634018
116,0.703490831343882,0.000519525561772487,0.00810571752570961,0.107142876928572,0.180741048640064
117,0.739394103209131,0.000153492385813923,0.00834978285801274,0.221589097682627,0.030513523864415
118,0.0723459079589056,0.00233529330613728,0.310366563531562,0.220287633937641,0.394664601265754
119,0.0205731423555033,0.000234241457625265,0.0946247258730718,0.850984495614553,0.0335833946992469
120,0.541880429389844,0.00133202090535113,0.0488274354090429,0.0492154477507886,0.358744666544974
121,0.903688378663589,0.0004194078644894,0.00407211127018598,0.0154799433711625,0.0763401588305729
122,0.868491565393895,0.000667896018630691,0.00805378103811914,0.00956029680604492,0.11322646074331
123,0.936324167944431,0.000380327556696533,0.00317985795897897,0.01923431238087,0.0408813341590232
124,0.00701629228920492,0.0787117615349412,0.0223378065298872,0.00561700054683034,0.886317139099136
125,0.0268133684579832,0.107314692049792,0.256677581110677,0.0180459459808354,0.591148412400712
126,0.989802273795764,0.00015400594125785,0.000504433615351574,0.00325254853479314,0.00628673811283329
127,0.0357592837726216,0.00118311627656341,0.554916918250139,0.00613122535163118,0.402009456349045
128,0.898093671817573,0.00117085834636623,0.00378932244669379,0.0201793925066127,0.0767667548827545
129,0.980687392519314,0.000151104403560801,0.00183076006536227,0.00471922072029386,0.0126115222914691
130,0.96010263681541,0.000153700478194475,0.00340362135018566,0.00989069748426273,0.0264493438719475
131,0.262088369438378,0.000533564671239322,0.0276197770226721,0.576231917438317,0.133526371429393
132,0.9739809727414,0.000501788570964471,0.00276697484509972,0.0101433290191098,0.0126069348234264
133,0.735107902285777,0.000598075047585325,0.0126586533089714,0.00904984678900175,0.242585522568664
134,0.0824598571593122,0.000284567623688203,0.0159933964226756,0.515756545101604,0.385505633692721
135,0.682914877962489,0.000360602984930882,0.0321577261389596,0.083697516078103,0.200869276835518
136,0.790311673969435,0.000143680183622167,0.00396187805814541,0.191150215424163,0.014432552364634
137,0.750952104682585,0.00069130824240818,0.0450644009594585,0.0390153938605838,0.164276792254964
138,0.00951116339579347,0.0147569431390152,0.0321538874775062,0.00539990426783385,0.938178101719851
139,0.739281818119755,0.000343240620928992,0.0106009163892749,0.20530457951055,0.0444694453594913
140,0.248693659307903,0.000780158061764881,0.00448989118224155,0.0285006294014074,0.717535662046684
141,0.599225370219955,0.000754323506865585,0.0171136745178621,0.226335501255856,0.156571130499461
142,0.228444202606512,0.0210910915146952,0.0215898827760132,0.0185212234292601,0.710353599673519
143,0.437844620559291,0.000464741291965397,0.0871846228658864,0.281218021321276,0.193287993961581
144,0.247383770674285,0.000960364979324809,0.0555768074479053,0.493484043882767,0.202595013015718
145,0.737214542663531,0.00255683629169051,0.0107130630777169,0.149138493930375,0.100377064036687
146,0.581829246898934,0.00062786236369584,0.0226041709101304,0.260154456510648,0.134784263316591
147,0.244858575034606,0.000334314707883326,0.506713136857451,0.0441732178356153,0.203920755564444
148,0.243120957878182,0.000769149268789621,0.0273708361801161,0.682989850720941,0.0457492059519705
149,0.00644473383549476,0.00166010213928337,0.0348975238475856,0.00647034557358948,0.950527294604047
150,0.114794530339172,0.0205607168251646,0.0651025618610534,0.0311345395130825,0.768407651461527
151,0.43606347725269,0.00258366310829946,0.0537786199556641,0.0309338711458755,0.476640368537471
152,0.033640795000408,0.00589568396766374,0.454418631373542,0.0101894610141434,0.495855428644243
153,0.567359924965941,0.000603479787317207,0.0162166415221225,0.13185541800668,0.283964535717939
154,0.136611779555553,0.000559034625851256,0.0172344765243684,0.430805395989299,0.414789313304929
155,0.781988150435967,0.00532642453142107,0.0137202233138764,0.0308750460781866,0.168090155640549
156,0.848945114060463,0.000315890745564111,0.00705820503319073,0.0781148591012512,0.0655659310595304
157,0.501272842585598,0.00104684146902443,0.0204314787800089,0.238658244512788,0.23859059265258
158,0.00550748207094468,0.0418573193794562,0.0109084870650266,0.0051710182115871,0.936555693272985
159,0.2284472040186,0.000239834306816744,0.0231603912704904,0.155134736414227,0.593017833989865
160,0.486664638516161,0.000379146677854749,0.0163668255286231,0.354762241091519,0.141827148185842
161,0.895513927757162,0.00020471893396287,0.00179649673604455,0.0423617384695708,0.0601231181032601
162,0.432009182496754,0.000272959313216219,0.0320041687278552,0.229186755182289,0.306526934279886
163,0.00525168617768671,0.439612758635886,0.0658772671528319,0.0113751547684972,0.477883133265098
164,0.966778320831268,0.000355600725939512,0.00284791051987115,0.0114160524881386,0.0186021154347827
165,0.514594479357919,0.000468386090195532,0.00978997768335104,0.309804717085686,0.165342439782848
166,0.94913572527116,0.000914532983940254,0.00145681771660432,0.00312260724375528,0.0453703167845402
167,0.871459552569472,0.000430462079381975,0.00665262495288574,0.0658542433603258,0.0556031170379346
168,0.850924167840136,0.000704512359645731,0.00491278492299809,0.0848643332455862,0.0585942016316341
169,0.687599687610241,0.000356021000141531,0.00717539037954692,0.273124023574901,0.0317448774351696
170,0.861323801793861,0.000516818879102311,0.00696895668683164,0.0420321904991903,0.089158232141015
171,0.0135147258592547,0.0198360893840267,0.521057357948457,0.00354866393943286,0.442043162868829
172,0.788860936058728,0.000141556128471213,0.00712815437487365,0.147190765350125,0.0566785880878019
173,0.600063083328094,0.00048933634130019,0.0543549291361706,0.302276930112489,0.0428157210819463
174,0.307812174243257,0.00355050460664555,0.0986717534751883,0.411113008835792,0.178852558839116
175,0.40360465659197,0.000106374181401996,0.00545258009106869,0.552897157205185,0.0379392319303743
176,0.348645079377645,0.0391053859548835,0.0318665081694128,0.0294746633776407,0.550908363120418
177,0.298952548175864,0.000256250811875286,0.00859762046769068,0.584881173626336,0.107312406918234
178,0.922079027884126,0.00047551046044822,0.00380201341846937,0.0414344640367418,0.0322089842002149
179,0.876214326406087,0.000974803893077496,0.00609292656767689,0.0236345931074085,0.0930833500257503
180,0.0387648126220061,0.00127406515888746,0.0492239773259065,0.0698538495326001,0.8408832953606
181,0.00625351153903374,0.0177636532678192,0.0188043254317063,0.00889607596175219,0.948282433799689
182,0.499280784484471,0.0152624618141718,0.125232689473192,0.0730444509397648,0.287179613288401
183,0.737292760877055,0.000240086208863572,0.00978208508870192,0.146448527762083,0.106236540063296
184,0.108648805481089,0.00330584686577237,0.0429380648286194,0.174815437375852,0.670291845448667
185,0.815935372879363,0.000495572511195786,0.00504987996543417,0.151530656508682,0.0269885181353249
186,0.400669030980631,0.000669746908798485,0.011686366679299,0.464111940334877,0.122862915096395
187,0.0209198785248374,0.0227404515203344,0.0184979008187899,0.00685609306339497,0.930985676072643
188,0.255082485243213,0.000258984386471932,0.0598472270021022,0.308151919627267,0.376659383740945
189,0.730691539309176,0.000341690576405289,0.012248833249389,0.034811416279594,0.221906520585436
190,0.955500018466791,0.0000748918351031269,0.00531283128734012,0.0286540806136597,0.0104581777971062
191,0.359733947170698,0.000473040911950347,0.0237533327959468,0.591739470805865,0.0243002083155403
192,0.688520491916618,0.000449231889745106,0.0379508794945291,0.149366251070708,0.1237131456284
193,0.0671280304064585,0.000742489891937707,0.0238757001021711,0.0671938425799662,0.841059937019466
194,0.327475921007115,0.00212463304581033,0.0371866761998385,0.102244408416188,0.530968361331049
195,0.954028529357215,0.000167471879912076,0.000555852077440917,0.016575000460774,0.0286731462246583
196,0.582027458016209,0.000567954640761973,0.0103991528424285,0.0313164667915605,0.37568896770904
197,0.592844617251328,0.00110992669174385,0.0127875111712683,0.346839101684868,0.046418843200792
198,0.883747183584435,0.000478851485849173,0.00853716783001519,0.0644865403803079,0.0427502567193929
199,0.377601685424673,0.00116966601025091,0.0614730875377506,0.371988846197905,0.187766714829421
200,0.77461561071713,0.0000956884385320368,0.00269992540943089,0.0417320598916363,0.180856715543271
201,0.00561839152897736,0.0165106554634948,0.0154420367978022,0.00370908740550824,0.958719828804217
202,0.235759824177833,0.000861538224298333,0.0783820829736491,0.115184877180032,0.569811677444187
203,0.846094389079796,0.000357360835637591,0.00464446951811375,0.125229465326007,0.0236743152404453
204,0.490269004649475,0.000933378591338587,0.0697782292301384,0.0560842472508584,0.382935140278189
205,0.135338615131387,0.00075225009753276,0.0731699189163803,0.730913144455299,0.0598260713994012
206,0.467927828372213,0.000616676840069177,0.0310518609252189,0.0652187327679159,0.435184901094583
207,0.551229570031155,0.00103547908069154,0.0201761792297373,0.353344282659126,0.0742144889992897
208,0.183613974711788,0.00423495575905865,0.255270667120509,0.4795661590846,0.0773142433240447
209,0.221130720309427,0.000634324488343429,0.0444814639487909,0.457868711927711,0.275884779325728
210,0.363881601192182,0.00133548817608172,0.0186764368966864,0.541407104530481,0.0746993692045692
211,0.0154154738535676,0.00409750231636381,0.0736216075407781,0.0126290451089463,0.894236371180344
212,0.400773551619659,0.00240260856988606,0.0394887559967911,0.433829732625799,0.123505351187864
213,0.834259832096598,0.000252927568440114,0.00924138563416681,0.129738403930708,0.0265074507700872
214,0.764075166955077,0.000853057091514566,0.0244082143584754,0.0501909465547405,0.160472615040193
215,0.00947219696850999,0.0122733367823883,0.0240615391728476,0.00749383993957253,0.946699087136682
216,0.715463627231934,0.00813873817514785,0.0835014325030737,0.10579950254007,0.0870966995497741
217,0.851756570076688,0.00609513548307202,0.0073170055495238,0.00954727218579396,0.125284016704923
218,0.3729115070052,0.000465527509515449,0.0181622691658128,0.0488645762317689,0.559596120087702
219,0.436812452518,0.00061309389462227,0.0240615426540352,0.154856659010168,0.383656251923174
220,0.153365383415941,0.00029006376707447,0.037659225962372,0.543686095135058,0.264999231719554
221,0.0408447688520474,0.00282511367232965,0.044097584733215,0.679358809243611,0.232873723498797
222,0.0209309073640894,0.0504183989700938,0.0964531671980487,0.00719402892280563,0.825003497544962
223,0.138812780523081,0.0476526144715377,0.0282182279050977,0.0276187392511313,0.757697637849153
224,0.826356336817089,0.000335386455780968,0.00294387958146796,0.13622232248337,0.0341420746622918
225,0.0105488001047864,0.000369508739650018,0.418526373847358,0.555403081913407,0.0151522353947985
226,0.684815698410829,0.000528029204051016,0.00923512534170027,0.155961748049037,0.149459398994383
227,0.0470322838396667,0.0171452378752492,0.06518873965476,0.026645815914499,0.843987922715825
228,0.00745158861067672,0.00787480668880048,0.0189747732640387,0.00885636558500133,0.956842465851483
229,0.611829946125135,0.000321038060403889,0.00930770519779011,0.263652730139109,0.114888580477561
230,0.0145106131896832,0.0175287080394172,0.069848519447988,0.0052972797327053,0.892814879590206
231,0.971521562157727,0.000364048517334391,0.00211393481734044,0.00607347755580447,0.0199269769517941
232,0.964824862158488,0.000115095848684274,0.00156506297887941,0.00925520242755831,0.0242397765863904
233,0.00922980885755856,0.0307452188884817,0.0196837647781391,0.0147022864408845,0.925638921034936
234,0.14222832244063,0.000349395463204058,0.0169652652099579,0.762308014625412,0.0781490022607959
235,0.516585189690521,0.000930720625952237,0.0493457827879207,0.379424903665296,0.0537134032303097
236,0.877584167933939,0.00086179499321352,0.00695091255561163,0.0110638840886785,0.103539240428557
237,0.529119212816732,0.000435119551609809,0.0156701561070305,0.318056053838592,0.136719457686036
238,0.0552611566087478,0.000680059780637512,0.0612934495528002,0.0167188863518051,0.866046447706009
239,0.693316186395497,0.000289247426488219,0.00558067452533285,0.257257875750408,0.043556015902274
240,0.473930686357911,0.000968126049825781,0.0181360706737451,0.014450061894603,0.492515055023915
241,0.953242034237393,0.000370985273305387,0.00632353641072502,0.0063528966265553,0.0337105474520211
242,0.177962146577144,0.000541138396627341,0.0488393380082581,0.653721889353638,0.118935487664332
243,0.94327104332562,0.0014687121371257,0.00823506442468085,0.011377093039106,0.0356480870734676
244,0.821953939688466,0.000398049716990995,0.00986356636439524,0.0527737129063335,0.115010731323815
245,0.716549276873526,0.000376940796121038,0.00418784046365491,0.156415006103272,0.122470935763425
246,0.689525012152272,0.000563240883620792,0.0198170761010734,0.195382789535869,0.0947118813271645
247,0.644622109212579,0.00115863760218377,0.0120942333821424,0.0330868311557311,0.309038188647363
248,0.424704550635026,0.00053536391067369,0.01409094143633,0.136200229800662,0.424468914217308
249,0.144378719289314,0.000887990018484933,0.0666279640860383,0.353690477794739,0.434414848811425
250,0.834326374430648,0.00387704681842688,0.0128466906074521,0.0145078506737483,0.134442037469725
251,0.0282033145762124,0.110519353194257,0.0246140452979458,0.0290949765892181,0.807568310342367
252,0.4120492016333,0.000483368741125492,0.0249623352862892,0.457768587101066,0.104736507238219
253,0.0232627071219179,0.0111994099070325,0.0169230274595562,0.00613181547167524,0.942483040039818
254,0.581260372812775,0.00058929830398957,0.0180606005303067,0.321003014502978,0.0790867138499506
255,0.00619012337174228,0.0133159715252785,0.0150256636702982,0.00338596700038747,0.962082274432294
256,0.63880694912891,0.000272140532032107,0.00842492162297651,0.169359242506624,0.183136746209457
257,0.3825612903797,0.00244323516197991,0.311619098054728,0.0671580796806315,0.23621829672296
258,0.5830642473185,0.000990643912689062,0.0143604075170312,0.0673554258517228,0.334229275400057
259,0.173635803512239,0.000094473024621023,0.0154092407976166,0.759189836229839,0.0516706464356851
260,0.871698018338615,0.000902347039763235,0.00786735016112205,0.0175250806304249,0.102007203830074
261,0.779546571419683,0.00115573869784468,0.0131360961659084,0.128652282293828,0.0775093114227364
262,0.846987721208673,0.000429066181604879,0.00602321281408402,0.0736457425445194,0.0729142572511182
263,0.781094588834049,0.000924716278886572,0.0153877587386421,0.125653386650273,0.0769395494981491
264,0.609119568444921,0.000374655870992032,0.00481864009577525,0.259142675508626,0.126544460079685
265,0.669094186266743,0.000531252501940821,0.00840514748112363,0.243970845205063,0.0779985685451302
266,0.196781848254882,0.000994384790701691,0.546967065415953,0.0482630189238814,0.206993682614582
267,0.0702453316787264,0.00138359971424047,0.0476023122412246,0.0366845637028751,0.844084192662933
268,0.0345414471569503,0.00938260566101756,0.179827695075187,0.0132867910868416,0.762961461020003
269,0.0082574014714459,0.00521601359030552,0.288795451805971,0.0101809158287501,0.687550217303527
270,0.839382642730204,0.000406779488527484,0.00624428973594796,0.0553945227795873,0.0985717652657334
271,0.0263330217283451,0.0139867558373475,0.165886573113238,0.0243576418936786,0.769436007427391
272,0.0727512480367789,0.00546593766506962,0.481003783630985,0.0181523042003139,0.422626726466853
273,0.0953575525612323,0.00371369864736604,0.0807625568167686,0.413811020327221,0.406355171647412
274,0.189428102956324,0.00166427437431082,0.318355958137047,0.0899248530497529,0.400626811482566
275,0.416502573142464,0.00324537128090595,0.207123408828954,0.0438815686913975,0.329247078056278
276,0.00713673962748185,0.00495928943339891,0.238578037342199,0.00735948155880453,0.741966452038116
277,0.0098884040517295,0.0101331754228638,0.032255434072996,0.0054985880648241,0.942224398387587
278,0.281024117012158,0.00133913074077444,0.0269897499979084,0.0187138524139925,0.671933149835166
279,0.448152338774469,0.000408646443318184,0.0115975872750682,0.154261379411423,0.385580048095721
280,0.0615284981037648,0.00727873963877374,0.180544177803199,0.0878467199728251,0.662801864481437
281,0.557524457961038,0.000505809843135915,0.0371050956567172,0.254085227592853,0.150779408946256
282,0.587949217784287,0.000633413449640635,0.016018435647484,0.173711166876664,0.221687766241924
283,0.0216565523132744,0.0733225242307979,0.142768022113625,0.0259459025839008,0.736306998758402
284,0.81423289688195,0.000916408666162842,0.00600605993370533,0.0120235564641441,0.166821078054038
285,0.168917914465394,0.000764711644672231,0.0280486544998925,0.628742626384409,0.173526093005632
286,0.645337636103556,0.000570288237194698,0.0107860222782845,0.181470558719068,0.161835494661897
287,0.0562193286632524,0.0208743680390103,0.106700755976048,0.0133573185211765,0.802848228800513
288,0.0172932747575064,0.017848825104404,0.0114271985629631,0.00418734292284794,0.949243358652279
289,0.67896043618342,0.000484406079785874,0.0119462598372364,0.204170108510432,0.104438789389126
290,0.782727850633095,0.000357665320010192,0.0107608185802869,0.14477850634095,0.0613751591256581
291,0.923574374951615,0.000867854710563118,0.00940222783408851,0.0101512235184141,0.056004318985319
292,0.971401143762267,0.000201677521443157,0.00165770070991513,0.0103161417783796,0.016423336227995
293,0.695154148003759,0.00113816996431546,0.00649675973410149,0.0142837550393692,0.282927167258454
294,0.0457829901697619,0.00345926755502502,0.165205020383027,0.158749794322198,0.626802927569988
295,0.766979017244958,0.000443820003715354,0.0119115322798032,0.201708965864882,0.0189566646066419
296,0.0328533986466567,0.00993202147431634,0.125569751286563,0.0204698002396265,0.811175028352838
297,0.311589309366419,0.000874863295912972,0.0598385863916206,0.501008153866287,0.126689087079761
298,0.0408991133458185,0.0286083419585371,0.0818961894264705,0.0295982837505206,0.818998071518653
299,0.874826397494725,0.0000627512230607247,0.00453538468910968,0.092260799077335,0.0283146675157694
300,0.233499582157865,0.00183156795706845,0.0683294070349403,0.0931222371338554,0.603217205716271
301,0.760742951960948,0.000339682223866342,0.00535359292968558,0.214235803817705,0.0193279690677951
302,0.909948019667039,0.000513993263015417,0.00250147039263089,0.00436782013087022,0.0826686965464443
303,0.938581963747637,0.000317417245413613,0.00333056442088502,0.0157663056743849,0.0420037489116794
304,0.591131772635195,0.00036782689134511,0.0193042493878914,0.177235996608019,0.21196015447755
305,0.0497782992455598,0.00182018185341526,0.236842606731068,0.0796205721298529,0.631938340040104
306,0.259377355970595,0.000891898725810851,0.17213745964051,0.549339932761418,0.018253352901666
307,0.899179999485291,0.000725967365711254,0.00680724590230794,0.0485727183373534,0.0447140689093359
308,0.484039240921092,0.000850797943412273,0.0310475651205746,0.0920590629450997,0.392003333069821
309,0.937716142104673,0.000198548861603768,0.00148222421789192,0.0475239839803371,0.0130791008354939
310,0.0798474645119926,0.077600212121925,0.0136458987865591,0.0104776900334314,0.818428734546092
311,0.331503096247907,0.00113890083848227,0.166912546913099,0.133989607388846,0.366455848611666
312,0.714316696188592,0.000388957072612408,0.00681500005052359,0.00784093725205899,0.270638409436213
313,0.0331814189184014,0.00559968789221243,0.0987180835322189,0.0120176812823427,0.850483128374825
314,0.279268296233714,0.000921549692191347,0.0772639677710882,0.30217476005303,0.340371426249976
315,0.0681829401409244,0.00111006790372192,0.0231233526570514,0.0184695130857456,0.889114126212557
316,0.47604960355759,0.00107143406919406,0.0113031767249161,0.489129322112814,0.0224464635354855
317,0.378900142711542,0.000816664207247524,0.0533726283869931,0.516686851564893,0.0502237131293248
318,0.709660661371719,0.00129690538570678,0.0244173140904392,0.0518595400549469,0.212765579097188
319,0.00883515292386271,0.0108316706541238,0.0307223517490665,0.00877219018353617,0.940838634489411
320,0.754437011781481,0.000162490701049906,0.00522212961147784,0.220981997691283,0.019196370214708
321,0.230402777025283,0.000811637779926465,0.0247354683400411,0.172245790657216,0.571804326197534
322,0.00815044973401629,0.00442236669612381,0.0245303199854604,0.00638131780325637,0.956515545781143
323,0.00735704885022518,0.0314518392968707,0.0497941367879,0.00918094331820854,0.902216031746796
324,0.704786837835731,0.00505107652017326,0.0142149739721699,0.0171997454249488,0.258747366246977
325,0.757383270436071,0.000573710751116572,0.00532907104239957,0.0118943104528966,0.224819637317516
326,0.947881128853647,0.000724466255626797,0.00619670520711955,0.0179098567939022,0.0272878428897045
327,0.855850494147608,0.000265725343782068,0.00561392770337959,0.0347775788212434,0.103492273983986
328,0.221299140016203,0.000412450581481658,0.0247800587462062,0.524444370388245,0.229063980267864
329,0.709956197203887,0.00124878508504309,0.0158407833604566,0.172174270882842,0.100779963467771
330,0.0477969102548325,0.000658574269062951,0.0340609144173676,0.264282850452441,0.653200750606296
331,0.0678133271428405,0.00212380122103268,0.183778916123462,0.468488002271158,0.277795953241507
332,0.00518996870435126,0.000799699228151843,0.0751725179224815,0.0056188849403175,0.913218929204698
333,0.984376988186633,0.000276855129527011,0.00213811372710695,0.0052766983604489,0.00793134459628381
334,0.825278210906662,0.00183963625887026,0.0113390958547805,0.0629852515609458,0.0985578054187414
335,0.0198207527505291,0.00162396255040726,0.0769953873382528,0.0442434108410798,0.857316486519731
336,0.860202173020753,0.000461952960884187,0.00864890176207498,0.0108301588787941,0.119856813377493
337,0.00912656213899433,0.00258913079924756,0.654513871835189,0.00997541423070164,0.323795020995868
338,0.27238377402586,0.000352103602989453,0.0332619495092444,0.3046565464481,0.389345626413807
339,0.109473139698527,0.00193821613985818,0.122640886320388,0.041977362597711,0.723970395243515
340,0.718269566844486,0.0000762587041246688,0.00197409961922455,0.252653896406514,0.0270261784256515
341,0.485585503314209,0.00166341147740173,0.0352714152771384,0.0503849719962775,0.427094697934973
342,0.817303414250068,0.00100352599502941,0.0146345222665974,0.0322647968848469,0.134793740603458
343,0.0093992962051018,0.00072402266129928,0.901215535471926,0.00614512689377177,0.082516018767901
344,0.68924525484327,0.000657082236887193,0.019370065747519,0.163665436825189,0.127062160347135
345,0.792851577093018,0.000519363849898656,0.0130287326155857,0.0431875773146043,0.150412749126893
346,0.201332109536888,0.000529713471634862,0.0185059748999305,0.415243253241745,0.364388948849801
347,0.298435732246893,0.000243595368632757,0.101754514115247,0.318196089891878,0.281370068377349
348,0.0810234143030327,0.00201727036909434,0.0357836399143286,0.0381071422865401,0.843068533127004
349,0.245691425424596,0.00137143790109108,0.063998399831231,0.477279647564395,0.211659089278687
350,0.512078661600094,0.00267330689540216,0.0325247278344483,0.227076048251146,0.225647255418909
351,0.69140923741994,0.000460954074432969,0.0112036955589933,0.246269382095969,0.0506567308506658
352,0.0234633139057556,0.00711585308297797,0.0138543233656992,0.00564931837476758,0.9499171912708
353,0.265901130994351,0.00057603276052045,0.0559913483823602,0.637520289000698,0.0400111988620697
354,0.583450742471667,0.000644997780709994,0.00566800044085666,0.00373538624234486,0.406500873064421
355,0.881666036312153,0.000372308885174677,0.00244666900065169,0.0629508991498522,0.0525640866521685
356,0.0053509090546418,0.862416878108081,0.0228687991344948,0.000837386597046279,0.108526027105736
357,0.253608132385412,0.0006348558542847,0.0308575448871308,0.0340561032318411,0.680843363641332
358,0.607942720037988,0.00213493992704374,0.0231836959793264,0.0559218156597015,0.31081682839594
359,0.11342631500412,0.0092358234644099,0.023545974727497,0.0460797397324379,0.807712147071536
360,0.631440059925737,0.00128601417980704,0.012409837913264,0.018031320529645,0.336832767451547
361,0.822277312087566,0.000449226878357218,0.00524194443399793,0.00350583165769203,0.168525684942387
362,0.0659190837089466,0.00452246910576542,0.0626220961080508,0.0842469508643406,0.782689400212897
363,0.146235644775951,0.00086842374530848,0.0592189496909486,0.583750582538474,0.209926399249318
364,0.856813477265015,0.0134341834733981,0.00593278875434174,0.0124115587271355,0.11140799178011
365,0.415796341503134,0.00183424608627383,0.0444757409255265,0.0876907813513501,0.450202890133715
366,0.00221437345138527,0.00824600530107521,0.616584774393369,0.0104216926414114,0.362533154212759
367,0.703906219767104,0.00975752254754647,0.0117170348748422,0.030926099635358,0.24369312317515
368,0.00409005107913824,0.00264139869104426,0.902696892471667,0.00546366494732473,0.0851079928108256
369,0.0167120146300418,0.0133355805874566,0.0611767341305031,0.00552677615917176,0.903248894492827
370,0.54568289483739,0.000740763210358987,0.0495005888786625,0.0958057487271685,0.30827000434642
371,0.726950849049128,0.00105948203442344,0.010175772554013,0.0964722312411136,0.165341665121322
372,0.648000737582246,0.00451206551345028,0.0555418111391013,0.168036557626243,0.123908828138959
373,0.977409698617654,0.000349529567147721,0.00239275776241107,0.00711690559155253,0.0127311084612347
374,0.268518649556399,0.000327745750116927,0.149851255782423,0.375059450522915,0.206242898388146
375,0.00556676403561442,0.00575175430358568,0.0233458956929256,0.003554596792695,0.961780989175179
376,0.325248976382511,0.000717047742845877,0.0537289878186612,0.573113067495508,0.0471919205604737
377,0.378550207835676,0.000398852062082914,0.0160890122084908,0.163340664623652,0.441621263270097
378,0.77478690174879,0.000560429253945176,0.00885086114522952,0.196934778860505,0.0188670289915311
379,0.791788593200529,0.0000859381889181946,0.00727974372989831,0.0857869163172751,0.115058808563379
380,0.168509971232987,0.0227608958545239,0.0189093731946086,0.0220189865211472,0.767800773196733
381,0.929695740248363,0.00119448340932175,0.00400196666288957,0.00388180921507616,0.0612260004643493
382,0.00592275169228518,0.00795325743947106,0.0235468800108268,0.00198725592319617,0.960589854934221
383,0.00535775052404056,0.409365580631605,0.0528553587184904,0.00706940025854531,0.525351909867319
384,0.0317848909521524,0.00469765031953359,0.380351571013879,0.0133103201201751,0.56985556759426
385,0.667009086040304,0.0000939289779753195,0.0107094431944961,0.21568682996283,0.106500711824395
386,0.117132629947151,0.00100286457759972,0.096722176859006,0.685706914983643,0.0994354136326004
387,0.00578085007335792,0.0140329840037284,0.0112468151687582,0.00333583643587601,0.96560351431828
388,0.632262821361729,0.00035905911400883,0.00797359752826323,0.245271083573321,0.114133438422678
389,0.933371192944835,0.000292850763823841,0.00548254271519971,0.014588357333858,0.0462650562422837
390,0.961600781808043,0.000645377369714069,0.00435483822023263,0.0138067443043128,0.0195922582976972
391,0.0157292781181996,0.00421370283835935,0.281689365461905,0.577952560366914,0.120415093214621
392,0.00395736814000254,0.0258588580378912,0.0202076951829071,0.00620497122792938,0.94377110741127
393,0.935101723701695,0.000874161431710541,0.00701676266397145,0.0212692855534995,0.0357380666491235
394,0.0656969514069638,0.0452778852764855,0.0953779831973552,0.0232956770341862,0.77035150308501
395,0.532810479606163,0.000532240115002515,0.022829226817774,0.297063748386668,0.146764305074393
396,0.16122660960129,0.000888841920574421,0.0728802187870826,0.726475348756741,0.0385289809343117
397,0.177017698964349,0.000680473126519139,0.0808504300252815,0.315678828763657,0.425772569120193
398,0.277409712042163,0.00594874026329872,0.0302881893785383,0.0249667075328593,0.661386650783141
399,0.706520222575388,0.0002130620551765,0.00954486689790177,0.188923971394653,0.0947978770768808
400,0.738490965388547,0.00228630320280892,0.048902412648013,0.0342356679915458,0.176084650769085
401,0.865458897287219,0.00513016894761995,0.00749353962608539,0.00810888731405203,0.113808506825024
402,0.821132932775926,0.0004108231366137,0.00452198231210989,0.0604224292954995,0.113511832479851
403,0.584783075462902,0.000625300393172407,0.0211151778463809,0.324955925922908,0.0685205203746363
404,0.00889747844957337,0.139567393210783,0.0847992851843576,0.010148418112583,0.756587425042703
405,0.401501558266592,0.00219609023699016,0.0302404997551937,0.0523846913078181,0.513677160433406
406,0.301208421496269,0.00140423858946266,0.0559678953172517,0.479108485053124,0.162310959543893
